 
 
 dp =
 
 Columns 1 through 14

         0         0         0         0         0         0         0         0         0         0         0         0         0         0
    0.0224    0.0725    0.0709    0.0891    0.1138    0.0921    0.0643    0.1280    0.3642    0.1345    0.2488    0.1377    0.0125    0.0382
         0    0.0150    0.0342    0.0597    0.0950    0.1473    0.0390    0.0416    0.1349    0.0133    0.0436    0.1397    0.0201    0.1131
         0    0.0142    0.0322    0.0561    0.0891    0.1378    0.0647    0.0231    0.0450    0.1419    0.0620    0.0944    0.3556    0.0815
         0    0.0050    0.0111    0.0187    0.0285    0.0413    0.0569    0.0481    0.0768    0.0931    0.1095    0.0799    0.1227    0.0742
    0.1128    0.0874    0.1605    0.0971    0.1255    0.1671    0.0893    0.0369    0.0969    0.1233    0.1710    0.2161    0.2138    0.1833
         0    0.0120    0.0272    0.0472    0.0746    0.1148    0.0541    0.0149    0.0008    0.0302    0.1011    0.2119    0.2077    0.2118
    0.0784    0.0812    0.0846    0.0812    0.1334    0.0628    0.0436    0.0735    0.0642    0.0182    0.0081    0.0295    0.0439    0.0383
    0.1011    0.1129    0.1102    0.1135    0.0768    0.0314    0.0596    0.1092    0.1017    0.0777    0.0399    0.0911    0.0948    0.0894
    0.1011    0.0911    0.0916    0.0923    0.0932    0.0955    0.0064    0.0371    0.0165    0.0137    0.0243    0.0343    0.0441    0.0094
    0.1247    0.1495    0.1816    0.1530    0.1178    0.0740    0.0287    0.0368    0.0300    0.0095    0.0682    0.0343    0.0137    0.0062

  Columns 15 through 28

         0         0         0         0         0         0         0         0         0         0         0         0         0         0
    0.0799    0.2011    0.2646    0.2732    0.4664    0.4239    0.1911    0.4506    0.6427    0.7805    0.8749    0.9355    0.9686    0.9873
    0.2713    0.2352    0.1335    0.3390    0.5330    0.5441    0.5239    0.6139    0.6936    0.7631    0.8224    0.8709    0.9370    0.9745
    0.0023    0.1047    0.1216    0.2704    0.4044    0.5241    0.6291    0.7199    0.7968    0.8601    0.9101    0.9473    0.9728    0.9883
    0.1524    0.0504    0.0889    0.2207    0.3455    0.4618    0.5681    0.6639    0.7484    0.8208    0.8806    0.9272    0.9607    0.9822
    0.2555    0.1911    0.1250    0.0802    0.0733    0.1008    0.2237    0.3557    0.4822    0.6009    0.7090    0.8033    0.8897    0.9477
    0.2262    0.0814    0.0926    0.1009    0.1040    0.0951    0.0601    0.2439    0.4140    0.5669    0.6994    0.8082    0.8911    0.9476
    0.0385    0.0447    0.0827    0.0152    0.2197    0.2305    0.2337    0.3579    0.4797    0.5963    0.7043    0.7998    0.8833    0.9421
    0.0747    0.0463    0.1835    0.2433    0.3068    0.3516    0.4002    0.4912    0.5822    0.6711    0.7552    0.8312    0.9006    0.9501
    0.0678    0.0670    0.1818    0.2427    0.3064    0.3262    0.3510    0.4551    0.5575    0.6561    0.7477    0.8290    0.8987    0.9489
    0.0040    0.0004    0.0593    0.1316    0.2070    0.2514    0.2994    0.3943    0.4912    0.5884    0.6835    0.7730    0.8603    0.9260
