DIFF between market prices and obtained (< 0.18) lambda (concentration weight = 0.01) and mutation = 0.05, disc K = 10

dp =

  Columns 1 through 14

         0         0         0         0         0         0         0         0         0         0         0         0         0         0
    0.0224    0.8301    0.9271    0.8327    0.7831    0.6808    0.3888    0.5895    0.6835    0.0489    0.0978    0.0014    0.1375    0.2059
         0    1.2190    1.1776    1.1560    1.1618    1.2054    0.9440    0.8518    0.7192    0.1011    0.0028    0.2344    0.1826    0.3212
         0    1.2619    1.2788    1.3050    1.3505    1.4313    1.2529    1.0892    0.8436    0.5671    0.0039    0.0006    0.4735    0.2068
         0    1.2260    1.2185    1.2046    1.1851    1.1612    1.1340    1.1058    1.0875    0.4054    0.0164    0.1706    0.1265    0.3626
    0.1128    1.1278    1.3643    1.3118    1.4412    1.5979    1.4841    1.3493    1.2075    0.8134    0.2691    0.0380    0.1278    0.2566
         0    0.6703    0.8214    0.9796    1.1519    1.3539    1.3376    1.2758    1.0067    0.6575    0.1742    0.0034    0.1667    0.2704
    0.0784    0.0510    0.3070    0.5301    0.8223    0.9022    1.0497    0.8950    0.7555    0.5707    0.0770    0.1666    0.2425    0.3347
    0.1011    0.4343    0.1508    0.0853    0.2496    0.3816    0.4273    0.4386    0.4124    0.3132    0.1380    0.0624    0.1716    0.2651
    0.1011    2.1125    0.3352    0.1557    0.2741    0.4547    0.5107    0.5252    0.5409    0.3427    0.1230    0.0179    0.0689    0.1227
    0.1247   11.8035    8.3054    6.2102    5.0162    4.2570    3.7059    2.9075    2.1325    1.3678    0.5703    0.3686    0.2661    0.1828

  Columns 15 through 28

         0         0         0         0         0         0         0         0         0         0         0         0         0         0
    0.3634    0.6248    0.7943    0.8967    0.9684    0.9869    0.9930    0.9982    0.9995    0.9999    1.0000    1.0000    1.0000    1.0000
    0.5199    0.6075    0.6944    0.8657    0.9578    0.9830    0.9919    0.9968    0.9986    0.9993    0.9997    0.9998    0.9999    1.0000
    0.3574    0.5178    0.6437    0.8115    0.9268    0.9736    0.9890    0.9949    0.9974    0.9986    0.9992    0.9995    0.9997    0.9998
    0.4769    0.4364    0.6098    0.7704    0.9007    0.9595    0.9799    0.9888    0.9931    0.9955    0.9969    0.9978    0.9983    0.9987
    0.2784    0.3905    0.5222    0.6650    0.8388    0.9147    0.9484    0.9651    0.9742    0.9797    0.9832    0.9855    0.9880    0.9899
    0.3191    0.5400    0.6123    0.7020    0.8056    0.8729    0.8986    0.9291    0.9472    0.9588    0.9667    0.9724    0.9768    0.9801
    0.3921    0.4469    0.5764    0.6236    0.7684    0.8217    0.8515    0.8881    0.9122    0.9287    0.9404    0.9490    0.9571    0.9635
    0.3649    0.4668    0.5872    0.6489    0.7025    0.7418    0.7768    0.8201    0.8556    0.8842    0.9069    0.9247    0.9414    0.9541
    0.2803    0.4145    0.5484    0.6187    0.6739    0.6981    0.7166    0.7614    0.7986    0.8291    0.8542    0.8747    0.8942    0.9104
    0.1302    0.0522    0.0773    0.2054    0.3188    0.3889    0.4472    0.5278    0.5962    0.6540    0.7027    0.7434    0.7891    0.8266

  Columns 29 through 42

         0         0         0         0         0         0         0         0         0         0         0         0         0         0
    1.0000    1.0000    1.0000    1.0000    1.0000    1.0000    1.0000    1.0000    1.0000    1.0000       NaN       NaN       NaN       NaN
    1.0000    1.0000    1.0000    1.0000    1.0000    1.0000    1.0000    1.0000    1.0000    1.0000       NaN       NaN       NaN       NaN
    0.9999    0.9999    0.9999    1.0000    1.0000    1.0000    1.0000    1.0000    1.0000    1.0000       NaN       NaN       NaN       NaN
    0.9990    0.9992    0.9994    0.9995    0.9996    0.9997    0.9998    0.9998    0.9999    0.9999       NaN       NaN       NaN       NaN
    0.9914    0.9927    0.9938    0.9949    0.9957    0.9965    0.9971    0.9976    0.9980    0.9983       NaN       NaN       NaN       NaN
    0.9829    0.9853    0.9873    0.9891    0.9906    0.9919    0.9930    0.9939    0.9948    0.9956       NaN       NaN       NaN       NaN
    0.9687    0.9732    0.9769    0.9801    0.9828    0.9852    0.9871    0.9888    0.9905    0.9919       NaN       NaN       NaN       NaN
    0.9636    0.9708    0.9763    0.9807    0.9841    0.9868    0.9890    0.9907    0.9922    0.9934       NaN       NaN       NaN       NaN
    0.9239    0.9356    0.9455    0.9540    0.9611    0.9671    0.9721    0.9762    0.9803    0.9837       NaN       NaN       NaN       NaN
    0.8572    0.8820    0.9023    0.9188    0.9324    0.9436    0.9529    0.9605    0.9669    0.9721       NaN       NaN       NaN       NaN
