DIFF between market prices and obtained (< 0.18) lambda (concentration weight = 0.03) and mutation = 0.05, disc K = 10

dp =

  Columns 1 through 14

         0         0         0         0         0         0         0         0         0         0         0         0         0         0
    0.0224    0.6785    0.1708    0.0978    0.1145    0.0922    0.0649    0.1246    0.3827    0.1725    0.3618    0.1317    0.3707    0.8525
         0    1.5967    0.5201    0.1679    0.1117    0.1490    0.0378    0.0346    0.1423    0.0077    0.0410    0.2230    0.3269    0.6527
         0    1.7953    0.9798    0.4366    0.1970    0.1561    0.0643    0.0132    0.0441    0.1311    0.0913    0.0144    0.4995    0.3277
         0    1.6897    1.1549    0.6295    0.2392    0.0268    0.0513    0.0586    0.0725    0.1022    0.1344    0.1444    0.0325    0.2772
    0.1128    1.3349    1.3291    0.9092    0.6046    0.3561    0.1156    0.0261    0.0919    0.1196    0.1538    0.1689    0.1222    0.0423
         0    0.6663    0.7401    0.7018    0.5602    0.3690    0.1080    0.0064    0.0058    0.0326    0.1002    0.1976    0.1714    0.1478
    0.0784    0.1892    0.4354    0.5374    0.5740    0.3256    0.1240    0.0764    0.0673    0.0253    0.0066    0.0142    0.0555    0.0415
    0.1011    9.9937    4.5289    2.0808    0.9586    0.4270    0.0736    0.0739    0.0733    0.0369    0.0299    0.0116    0.0089    0.0003
    0.1011    0.8350    1.1060    1.1533    1.1273    1.0908    0.8796    0.6641    0.4900    0.2209    0.1635    0.1162    0.0792    0.1041
    0.1247    0.4261    0.0425    0.1968    0.3591    0.4756    0.5706    0.5412    0.4994    0.4576    0.4710    0.3497    0.2461    0.1470

  Columns 15 through 28

         0         0         0         0         0         0         0         0         0         0         0         0         0         0
    0.8780    0.8935    0.9072    0.9180    0.9481    0.9501    0.9336    0.9544    0.9678    0.9767    0.9828    0.9871    0.9893    0.9910
    0.7511    0.7505    0.7389    0.8216    0.8888    0.9014    0.9015    0.9193    0.9311    0.9384    0.9417    0.9403    0.9526    0.9620
    0.4384    0.5233    0.5649    0.6680    0.7514    0.8131    0.8574    0.8897    0.9136    0.9314    0.9450    0.9554    0.9635    0.9700
    0.3800    0.2669    0.3971    0.5121    0.6098    0.6878    0.7485    0.7959    0.8332    0.8626    0.8861    0.9049    0.9201    0.9326
    0.0619    0.0254    0.1096    0.1695    0.3008    0.3212    0.3983    0.4704    0.5298    0.5783    0.6172    0.6476    0.6961    0.7372
    0.1360    0.1640    0.1858    0.1989    0.1979    0.1728    0.1043    0.2279    0.3354    0.4284    0.5086    0.5777    0.6371    0.6884
    0.0337    0.0356    0.0894    0.0128    0.2013    0.1852    0.1465    0.2307    0.3085    0.3798    0.4443    0.5021    0.5713    0.6319
    0.0184    0.0531    0.0855    0.1325    0.1787    0.1981    0.2167    0.2869    0.3573    0.4265    0.4932    0.5559    0.6320    0.6971
    0.0434    0.0658    0.0371    0.0748    0.1112    0.0837    0.0504    0.1258    0.2019    0.2775    0.3514    0.4223    0.5015    0.5728
    0.1035    0.0764    0.0283    0.0219    0.0701    0.0779    0.0839    0.1470    0.2121    0.2782    0.3443    0.4089    0.4985    0.5783

  Columns 29 through 42

         0         0         0         0         0         0         0         0         0         0         0         0         0         0
    0.9923    0.9933    0.9941    0.9952    0.9962    0.9969    0.9975    0.9980    0.9984    0.9987    0.9989    0.9991    0.9993    0.9994
    0.9694    0.9753    0.9801    0.9840    0.9871    0.9896    0.9916    0.9932    0.9945    0.9955    0.9964    0.9971    0.9976    0.9981
    0.9752    0.9795    0.9830    0.9860    0.9884    0.9904    0.9920    0.9934    0.9945    0.9954    0.9962    0.9968    0.9973    0.9977
    0.9430    0.9518    0.9593    0.9656    0.9709    0.9754    0.9791    0.9823    0.9849    0.9871    0.9889    0.9904    0.9917    0.9926
    0.7723    0.8028    0.8293    0.8572    0.8810    0.9011    0.9181    0.9323    0.9433    0.9525    0.9602    0.9667    0.9721    0.9774
    0.7327    0.7712    0.8047    0.8337    0.8587    0.8802    0.8986    0.9144    0.9291    0.9416    0.9520    0.9606    0.9678    0.9738
    0.6845    0.7298    0.7687    0.8022    0.8310    0.8557    0.8769    0.8951    0.9129    0.9279    0.9405    0.9510    0.9598    0.9671
    0.7503    0.7899    0.8214    0.8487    0.8719    0.8917    0.9085    0.9229    0.9351    0.9455    0.9542    0.9617    0.9679    0.9741
    0.6349    0.6871    0.7306    0.7671    0.7979    0.8240    0.8462    0.8651    0.8847    0.9013    0.9155    0.9276    0.9379    0.9480
    0.6468    0.7011    0.7455    0.7825    0.8136    0.8399    0.8622    0.8811    0.8973    0.9111    0.9229    0.9330    0.9416    0.9490

  Columns 43 through 56

         0         0         0         0         0         0         0         0         0         0         0         0         0         0
    0.9995    0.9996    0.9997    0.9997    0.9998    0.9998    0.9998    0.9999    0.9999    0.9999    1.0000    1.0000    1.0000    1.0000
    0.9984    0.9987    0.9990    0.9991    0.9993    0.9994    0.9995    0.9996    0.9997    0.9997    0.9998    0.9998    0.9998    0.9999
    0.9981    0.9984    0.9986    0.9988    0.9989    0.9990    0.9990    0.9991    0.9990    0.9992    0.9993    0.9994    0.9995    0.9996
    0.9934    0.9939    0.9942    0.9942    0.9956    0.9966    0.9974    0.9981    0.9985    0.9988    0.9990    0.9992    0.9993    0.9994
    0.9818    0.9853    0.9882    0.9905    0.9924    0.9939    0.9951    0.9961    0.9968    0.9977    0.9983    0.9988    0.9991    0.9994
    0.9787    0.9828    0.9861    0.9887    0.9909    0.9927    0.9941    0.9953    0.9962    0.9969    0.9975    0.9980    0.9983    0.9986
    0.9732    0.9782    0.9823    0.9857    0.9884    0.9906    0.9924    0.9938    0.9950    0.9959    0.9967    0.9973    0.9977    0.9981
    0.9791    0.9833    0.9866    0.9893    0.9915    0.9933    0.9947    0.9959    0.9968    0.9975    0.9981    0.9985    0.9988    0.9991
    0.9564    0.9635    0.9694    0.9744    0.9786    0.9821    0.9850    0.9875    0.9895    0.9913    0.9927    0.9940    0.9950    0.9960
    0.9553    0.9607    0.9653    0.9693    0.9730    0.9762    0.9789    0.9812    0.9831    0.9847    0.9861    0.9872    0.9882    0.9890

  Columns 57 through 61

         0         0         0         0         0
    1.0000    1.0000    1.0000    1.0000    1.0000
    0.9999    0.9999    0.9999    1.0000    1.0000
    0.9997    0.9997    0.9998    0.9999    1.0000
    0.9995    0.9996    0.9996    0.9997    1.0000
    0.9995    0.9997    0.9998    0.9999    1.0000
    0.9988    0.9990    0.9992    0.9994    1.0000
    0.9984    0.9986    0.9988    0.9991    1.0000
    0.9994    0.9995    0.9997    0.9998    1.0000
    0.9968    0.9976    0.9983    0.9991    1.0000
    0.9897    0.9903    0.9911    0.9925    1.0000
	
	
	
	
	
 sig(index_best,:,:)

ans(:,:,1) =

    0.1119    0.2047    0.3130    0.4213    0.5296    0.5505    0.4790    0.2879    0.8257    0.5050    0.0758


ans(:,:,2) =

    0.0968    0.1761    0.2687    0.3612    0.4537    0.4726    0.4135    0.2594    0.8271    0.5652    0.1129


ans(:,:,3) =

    0.0818    0.1476    0.2243    0.3011    0.3778    0.3946    0.3481    0.2309    0.8286    0.6253    0.1500


ans(:,:,4) =

    0.0668    0.1191    0.1800    0.2409    0.3019    0.3167    0.2827    0.2024    0.8301    0.6855    0.1871


ans(:,:,5) =

    0.0518    0.0905    0.1357    0.1808    0.2260    0.2388    0.2172    0.1739    0.8316    0.7456    0.2242


ans(:,:,6) =

    0.0368    0.0620    0.0914    0.1207    0.1501    0.1608    0.1518    0.1454    0.8330    0.8058    0.2614


ans(:,:,7) =

    0.0218    0.0334    0.0470    0.0606    0.0742    0.0829    0.0863    0.1169    0.8345    0.8660    0.2985


ans(:,:,8) =

    0.0815    0.0735    0.0643    0.0551    0.0458    0.0512    0.0720    0.1490    0.7442    0.8296    0.3610


ans(:,:,9) =

    0.3373    0.2940    0.2434    0.1929    0.1423    0.1410    0.1917    0.3403    0.4129    0.5397    0.4904


ans(:,:,10) =

    0.5536    0.5118    0.4630    0.4142    0.3654    0.3547    0.3844    0.4633    0.2277    0.4304    0.6330


ans(:,:,11) =

    0.7713    0.8085    0.8520    0.8955    0.9390    0.9321    0.8720    0.6968    0.6413    0.9460    0.7032


ans(:,:,12) =

    0.5502    0.6105    0.6807    0.7510    0.8213    0.8413    0.8081    0.7074    0.5398    0.7392    0.7778


ans(:,:,13) =

    0.3292    0.4124    0.5094    0.6065    0.7036    0.7505    0.7442    0.7181    0.4383    0.5323    0.8524


ans(:,:,14) =

    0.1081    0.2143    0.3382    0.4620    0.5859    0.6596    0.6803    0.7288    0.3369    0.3255    0.9270


ans(:,:,15) =

    0.3883    0.4492    0.5202    0.5912    0.6623    0.6935    0.6825    0.6406    0.2826    0.2344    0.5830


ans(:,:,16) =

    0.8047    0.8025    0.7999    0.7973    0.7948    0.7664    0.7108    0.5426    0.2705    0.2087    0.1565


ans(:,:,17) =

    0.6956    0.7076    0.7216    0.7355    0.7495    0.7487    0.7321    0.6772    0.4300    0.3192    0.4040


ans(:,:,18) =

    0.5865    0.6127    0.6432    0.6738    0.7043    0.7309    0.7533    0.8117    0.5895    0.4297    0.6515


ans(:,:,19) =

    0.4774    0.5178    0.5649    0.6120    0.6591    0.7131    0.7746    0.9462    0.7491    0.5402    0.8990


ans(:,:,20) =

    0.4706    0.5118    0.5599    0.6080    0.6561    0.7093    0.7679    0.9328    0.7846    0.5430    0.9680


ans(:,:,21) =

    0.5126    0.5483    0.5900    0.6316    0.6732    0.7120    0.7478    0.8485    0.7608    0.4942    0.9517


ans(:,:,22) =

    0.5547    0.5849    0.6200    0.6552    0.6904    0.7148    0.7277    0.7643    0.7371    0.4455    0.9353


ans(:,:,23) =

    0.5968    0.6214    0.6501    0.6788    0.7076    0.7175    0.7076    0.6800    0.7133    0.3967    0.9190


ans(:,:,24) =

    0.6388    0.6579    0.6802    0.7025    0.7247    0.7203    0.6876    0.5958    0.6896    0.3480    0.9026


ans(:,:,25) =

    0.6809    0.6944    0.7102    0.7261    0.7419    0.7230    0.6675    0.5116    0.6658    0.2993    0.8863


ans(:,:,26) =

    0.7229    0.7310    0.7403    0.7497    0.7591    0.7258    0.6474    0.4273    0.6421    0.2505    0.8699


ans(:,:,27) =

    0.7650    0.7675    0.7704    0.7733    0.7762    0.7286    0.6273    0.3431    0.6183    0.2018    0.8536


ans(:,:,28) =

    0.8070    0.8040    0.8005    0.7969    0.7934    0.7313    0.6073    0.2588    0.5946    0.1531    0.8372


ans(:,:,29) =

    0.8491    0.8405    0.8305    0.8205    0.8106    0.7341    0.5872    0.1746    0.5708    0.1043    0.8209


ans(:,:,30) =

    0.8566    0.8447    0.8308    0.8168    0.8029    0.7248    0.5787    0.1686    0.5769    0.1119    0.8226


ans(:,:,31) =

    0.8579    0.8430    0.8256    0.8082    0.7908    0.7133    0.5722    0.1768    0.5884    0.1296    0.8276


ans(:,:,32) =

    0.8592    0.8413    0.8204    0.7996    0.7787    0.7019    0.5658    0.1850    0.5999    0.1473    0.8325


ans(:,:,33) =

    0.8604    0.8396    0.8153    0.7909    0.7666    0.6904    0.5594    0.1932    0.6114    0.1650    0.8375


ans(:,:,34) =

    0.8617    0.8379    0.8101    0.7823    0.7545    0.6790    0.5530    0.2013    0.6229    0.1827    0.8425


ans(:,:,35) =

    0.8630    0.8362    0.8049    0.7737    0.7424    0.6675    0.5465    0.2095    0.6344    0.2004    0.8475


ans(:,:,36) =

    0.8643    0.8345    0.7998    0.7650    0.7303    0.6561    0.5401    0.2177    0.6460    0.2181    0.8524


ans(:,:,37) =

    0.8655    0.8328    0.7946    0.7564    0.7182    0.6446    0.5337    0.2258    0.6575    0.2358    0.8574


ans(:,:,38) =

    0.8668    0.8311    0.7894    0.7477    0.7061    0.6332    0.5273    0.2340    0.6690    0.2535    0.8624


ans(:,:,39) =

    0.8681    0.8294    0.7843    0.7391    0.6940    0.6217    0.5208    0.2422    0.6805    0.2712    0.8674


ans(:,:,40) =

    0.8694    0.8277    0.7791    0.7305    0.6818    0.6103    0.5144    0.2504    0.6920    0.2889    0.8724


ans(:,:,41) =

    0.8707    0.8260    0.7739    0.7218    0.6697    0.5988    0.5080    0.2585    0.7035    0.3066    0.8773


ans(:,:,42) =

    0.8719    0.8243    0.7688    0.7132    0.6576    0.5874    0.5016    0.2667    0.7150    0.3243    0.8823


ans(:,:,43) =

    0.8732    0.8226    0.7636    0.7046    0.6455    0.5759    0.4951    0.2749    0.7265    0.3420    0.8873


ans(:,:,44) =

    0.8745    0.8209    0.7584    0.6959    0.6334    0.5645    0.4887    0.2830    0.7380    0.3597    0.8923


ans(:,:,45) =

    0.8758    0.8192    0.7533    0.6873    0.6213    0.5530    0.4823    0.2912    0.7495    0.3774    0.8972


ans(:,:,46) =

    0.8771    0.8175    0.7481    0.6786    0.6092    0.5416    0.4758    0.2994    0.7610    0.3952    0.9022


ans(:,:,47) =

    0.8783    0.8158    0.7429    0.6700    0.5971    0.5301    0.4694    0.3076    0.7725    0.4129    0.9072


ans(:,:,48) =

    0.8796    0.8141    0.7378    0.6614    0.5850    0.5187    0.4630    0.3157    0.7840    0.4306    0.9122


ans(:,:,49) =

    0.8809    0.8124    0.7326    0.6527    0.5729    0.5072    0.4566    0.3239    0.7955    0.4483    0.9171


ans(:,:,50) =

    0.8822    0.8107    0.7274    0.6441    0.5608    0.4958    0.4501    0.3321    0.8070    0.4660    0.9221


ans(:,:,51) =

    0.8834    0.8090    0.7223    0.6355    0.5487    0.4843    0.4437    0.3403    0.8185    0.4837    0.9271


ans(:,:,52) =

    0.8847    0.8074    0.7171    0.6268    0.5366    0.4729    0.4373    0.3484    0.8301    0.5014    0.9321


ans(:,:,53) =

    0.8860    0.8057    0.7119    0.6182    0.5244    0.4614    0.4309    0.3566    0.8416    0.5191    0.9370


ans(:,:,54) =

    0.8873    0.8040    0.7068    0.6095    0.5123    0.4500    0.4244    0.3648    0.8531    0.5368    0.9420


ans(:,:,55) =

    0.8886    0.8023    0.7016    0.6009    0.5002    0.4385    0.4180    0.3729    0.8646    0.5545    0.9470


ans(:,:,56) =

    0.8898    0.8006    0.6964    0.5923    0.4881    0.4271    0.4116    0.3811    0.8761    0.5722    0.9520


ans(:,:,57) =

    0.8911    0.7989    0.6913    0.5836    0.4760    0.4156    0.4052    0.3893    0.8876    0.5899    0.9570


ans(:,:,58) =

    0.8924    0.7972    0.6861    0.5750    0.4639    0.4041    0.3987    0.3975    0.8991    0.6076    0.9619


ans(:,:,59) =

    0.8937    0.7955    0.6809    0.5664    0.4518    0.3927    0.3923    0.4056    0.9106    0.6253    0.9669


ans(:,:,60) =

    0.8949    0.7938    0.6757    0.5577    0.4397    0.3812    0.3859    0.4138    0.9221    0.6430    0.9719


ans(:,:,61) =

    0.8962    0.7921    0.6706    0.5491    0.4276    0.3698    0.3795    0.4220    0.9336    0.6607    0.9769
